eil22 15947 9800 7200 5500 12 No No
eil23 7207 6100 2009 2080 6 No No
eil30 7117 2400 6000 4350 99 Yes No
eil31 60080 28,300 34,800 27,200 66 No No
eil33 20409 11,200 11,690 6480 58 No No
eil51 50128 22,400 29,600 25,700 154 No No
eil76 91461 46,800 46,700 42,900 1700 No No
eil101 96115 48,800 48,000 49,000 66,843 Yes Yes
att48 17452 40,000 37,500 40,000 284 Yes No
a32 26660 16,200 10,000 14,800 23 No Yes
a33 29417 17,600 11,400 15,600 62 No No
a34 30496 15,900 16,000 14,000 40 No Yes
a36 29233 16,000 14,200 14,000 110 No Yes
a37 24837 10,000 16,200 14,500 45 Yes No
a38 28596 10,000 20,000 18,100 570 Yes No
a39 30808 14,600 17,300 16,600 110 No No
a44 38771 23,400 16,000 17,600 101 Yes Yes
a45 40282 23,300 18,000 18,000 136 Yes No
a46 40696 22,400 19,900 18,000 66 No No
a48 39800 20,100 20,000 22,500 230 Yes Yes
a53 46662 23,490 24,870 23,250 183 No No
a54 22414 12,600 11,650 9200 304 No No
a55 24694 11,900 12,250 17,800 270 No No
a60 25041 11,800 13,650 16,000 3,565 Yes Yes
a61 60644 30,400 34,600 23,500 561 No No
a62 22917 12,500 11,000 13,150 1022 Yes No
a63 24447 10,050 13,600 20,000 2930 Yes Yes
a64 24100 11,750 10,650 20,000 5395 Yes Yes
a65 28046 14,350 15,000 14,500 478 Yes No
a69 25822 11,750 15,500 15,000 1552 Yes No
a80 29977 16,250 14,650 16,200 5626 No No
c50 49803 21,700 30,000 26,000 84 Yes Yes
c75 86677 40,000 46,400 50,000 13,760 Yes Yes
tai75A 65477 21,980 15,000 31,800 4806 Yes Yes
tai75B 48238 24,530 25,000 25,000 15,056 Yes Yes
tai75C 25906 13,085 10,000 24,515 4537 Yes Yes
tai75D 65477 20,935 19,880 30,060 2645 No No
f45 23705 9760 18,020 8320 80 Yes No
f71 72864 26,865 49,998 37,977 3483 Yes No
f72 72072 26,861 47,979 40,000 3659 Yes Ye
